494,85
64,439
404,24
438,49
478,11
106,209
131,67
75,149
301,91
52,73
412,146
78,309
461,348
192,135
172,13
351,470
343,219
51,334
8,28
112,26
110,233
264,347
314,232
35,392
37,447
73,455
136,55
272,484
31,288
116,152
326,93
322,191
216,33
272,415
176,34
332,78
58,345
466,180
322,416
39,174
173,349
463,183
382,60
198,313
37,398
295,460
342,107
452,150
492,277
98,426
418,239
242,63
20,246
265,68
159,287
455,303
422,406
432,424
251,33
160,370
131,60
455,128
66,169
395,216
42,285
145,455
141,475
81,6
341,138
170,388
392,421
287,292
463,486
147,387
495,4
185,69
413,89
70,142
496,283
149,333
328,224
350,235
317,168
89,351
266,196
378,239
488,171
240,12
348,282
118,433
11,442
234,229
497,215
401,423
433,26
422,498
131,490
176,66
294,426
37,340
326,354
132,271
275,161
406,483
47,16
213,314
455,150
50,267
204,183
169,466
252,350
138,356
395,210
432,364
222,255
380,15
339,226
206,146
24,409
69,279
102,257
299,30
481,294
120,7
383,484
351,114
297,21
55,418
211,382
233,337
103,396
37,347
45,143
11,112
158,65
149,62
421,371
5,321
112,56
272,126
356,208
100,449
404,171
18,410
407,134
71,285
474,289
298,484
362,325
326,211
88,288
257,240
188,93
111,276
224,406
390,215
480,27
290,308
50,482
327,243
281,108
15,20
207,159
352,133
265,170
162,112
174,236
384,251
401,226
62,70
167,3
256,473
350,293
185,429
122,493
242,113
449,472
47,421
440,232
441,61
295,168
239,62
304,188
214,475
37,461
108,328
3,225
18,15
111,271
238,215
315,32
101,214
316,55
1,104
127,74
190,446
94,472
110,285
53,262