171,418
203,168
301,335
414,69
324,6
200,173
379,252
354,254
461,115
329,61
182,453
285,264
494,55
3,202
227,432
438,202
53,408
183,454
351,167
310,425
111,31
450,140
260,436
77,331
406,349
295,466
104,213
385,459
288,441
139,67
30,483
387,416
227,71
245,452
241,422
470,208
357,404
279,286
269,2
266,221
44,305
451,30
251,231
158,195
111,226
226,117
152,350
125,172
441,320
284,452
477,423
376,26
350,29
483,151
171,405
375,296
212,53
247,61
1,378
464,185
456,187
382,223
356,275
419,192
183,171
486,83
18,54
402,489
268,321
224,341
99,371
408,271
445,305
366,11
429,472
406,430
491,99
114,332
343,110
14,27
255,228
373,328
420,442
178,180
401,91
236,450
355,478
444,79
357,206
86,309
265,278
20,493
92,435
338,198
373,215
486,244
463,283
474,172
110,265
99,252
5,56
150,112
339,373
295,377
151,251
262,311
482,119
86,419
10,191
12,253
0,485
203,244
436,44
120,366
281,184
438,145
272,475
444,173
103,111
282,168
246,326
430,385
0,131
60,260
157,329
406,85
444,0
418,200
73,493
365,320
417,397
103,437
435,408
22,494
29,117
145,61
36,376
47,115
25,124
143,237
17,354
485,54
76,300
489,120
108,361
29,125
435,328
5,315
490,103
417,371
132,274
70,139
268,197
343,132
8,82
459,24
185,7
427,31
36,291
218,43
306,235
374,191
465,426
60,167
47,4
113,85
488,137
343,471
54,348
306,69
227,281
369,154
32,95
262,253
473,263
321,347
281,284
392,19
236,103
311,306
307,387
0,81
287,274
131,232
499,199
291,143
498,32
410,58
487,430
136,319
414,48
16,194
441,118
233,93
109,288
175,318
159,122
452,260
13,222
387,461
454,91
251,359
10,54
351,219
454,410
197,291
250,292
247,92
56,261
242,396
217,112
321,30
406,56
23,409
244,86
377,433
406,132
95,340
283,466
382,457
350,209
116,442
355,356
21,87
450,258
139,56
239,212
164,106
116,26
280,248
84,242
341,167
475,114
172,285
255,406
425,337
263,108
218,110
325,344
376,75
326,405
306,113
296,165
491,272
97,490
252,106
214,181
265,50
51,50
381,47
488,278
69,205
244,435
253,186
344,251
475,247
201,101
211,410
476,45
208,158
497,290
5,216
69,474
293,89
49,344
397,341
5,122
131,344
219,143
280,229
176,243
323,147
481,328
457,116
478,104
215,272
27,39
347,146
145,354
250,290
292,81
37,73
248,105
343,261
25,5
186,201
279,51
107,368
156,254
443,363
384,80
404,95
316,127
151,342
423,436
304,162
12,447
238,295
165,143
163,91
72,439
321,328
47,5
167,366
112,465
169,18
57,130
282,302
379,360
310,306
425,51
238,340
487,263
165,288
416,148
211,134
134,452
263,87
175,181
84,395
81,314
152,76
165,385
222,108
226,218
311,394
392,211
362,342
296,161
448,265
210,393
327,15
260,218
211,318
150,173
401,79
208,405
471,177
323,134
331,240
77,240
441,241
87,197
38,443
198,368
33,202
264,8
263,464
308,271
492,464
366,3
465,96
245,193
439,249
370,130
454,34
221,37
107,310
221,274
337,180
142,125
173,296
385,102
489,226
113,332
209,427
367,139
390,498
369,217
397,275
261,24
297,155
487,424
292,66
10,27
318,476
394,229
28,42
185,6
130,95
273,251
496,59
210,147
156,145
126,450
135,190
93,419
171,441
343,183
133,275
350,326
432,398
297,201
406,442
408,143
30,74
60,86
414,273
456,472
319,277
0,279
439,394
253,55
372,378
124,446
118,430
122,412
54,30
151,73
112,332
398,19
433,157
457,297
462,277
288,334
360,198
109,114
259,399
184,113
173,196
379,208
416,298
121,114
135,475
219,309
438,341
176,351
301,237
324,71
218,442
250,253
147,93
19,108
5,96
288,152
452,88
350,457
330,97
107,185
486,485
360,344
270,469
152,302
240,143
185,265
101,282
113,205
32,470
195,18
469,146
445,160
442,55
69,440
368,293
483,265
177,214
282,251
316,294
462,358
73,295
135,487
261,71
365,393
63,221
60,182
367,1
159,242
97,381
83,48
450,25
101,473
72,92
427,34
469,302
425,318
15,489
387,285
94,75
328,152
332,316
200,123
14,45
334,424
98,228
306,320
234,154
190,114
480,331
476,42
288,342
127,417
493,307
426,476
382,420
399,471
437,115
173,277
116,363
167,85
474,357